0.006966642 0.1364642
0.1172035 0.1663798
0.1868699 0.2044914
0.04179985 0.2446521
0.1065486 0.2651422
0.1458897 0.2507991
0.1667896 0.2143267
0.1745759 0.236456
0.1315466 0.2442423
0.1417917 0.294648
0.1684288 0.37333
0.1430211 0.4528317
0.07130563 0.4856159
0.02540775 0.458569
0.04712729 0.4192279
0.09630358 0.4757807
0.1094173 0.5306942
0.03975084 0.5306942
0.2589951 0.5466765
0.4618474 0.6544545
0.4675846 0.5548726
0.3573478 0.4569298
0.3889025 0.4507827
0.3889025 0.4499631
0.2208835 0.5036473
0.07991148 0.568396
0.01024506 0.5606098
0.06966642 0.5106139
0.1491681 0.4786493
0.2225227 0.4134907
0.1835915 0.4364396
0.09466437 0.429473
0.06065077 0.3905418
0.03073519 0.3811163
0.06433899 0.4167691
0.1081879 0.5003688
0.1151545 0.5003688
0.1422015 0.5716745
0.2102287 0.5790509
0.2274404 0.566347
0.2233423 0.5425785
0.234407 0.5503647
0.2499795 0.5761823
0.2507991 0.6101959
0.2229325 0.5794607
0.1442505 0.5216786
0.08523891 0.4192279
0.07294484 0.4159495
0.009015654 0.4712729
0.08564872 0.3897221
0.03729203 0.363085
0.07868207 0.2901402
0.1622818 0.2598148
0.130727 0.2229325
0.1090075 0.201213
0.07950168 0.2651422
0.06761741 0.2040816
0.033194 0.1762151
0.008605852 0.1762151
0.01967052 0.1733464
0.0168019 0.1712974
0.02868617 0.1323662
0.1495779 0.1106467
