0.1926072 0.2639128
0.1184329 0.3118597
0.09753299 0.3499713
0.07991148 0.3991476
0.06433899 0.5126629
0.09097615 0.508155
0.2057208 0.4175887
0.2495697 0.4130809
0.04384887 0.4790591
0.01188427 0.2835833
0.05778215 0.3852143
0.2561266 0.4286534
0.2483403 0.3425949
0.2737481 0.2204737
0.2770265 0.3012048
0.3372674 0.4143103
0.3761987 0.4040653
0.3868535 0.2901402
0.4638964 0.5011885
0.423326 0.4044751
0.4524219 0.5085649
0.4577494 0.5147119
0.4393083 0.5216786
0.5245472 0.5720842
0.529055 0.4983198
0.3327596 0.396279
0.3442341 0.3430047
0.3753791 0.2118679
0.2507991 0.1221211
0.3581674 0.01557249
0.333989 0.04712729
0.333989 0.07335464
0.3786575 0.1725268
0.3499713 0.2950578
0.3036636 0.3372674
0.2667814 0.3475125
0.1204819 0.2622736
0.07950168 0.2417835
0.05819195 0.1040898
0.0168019 0.009835259
0.04671748 0.02704696
0.002458815 0.1602328
0.2401443 0.3884927
0.4106221 0.5581509
0.4577494 0.6491271
0.298746 0.7101877
0.2077699 0.6835505
0.2163757 0.6921564
0.3782477 1.896976
0.2397345 1.881813
0.05081551 1.234735
0.1253996 0.5749529
0.1069584 0.8765675
0.004098025 0.4495533
0.5864273 0.4450455
0.5979018 0.005327432
0.5298746 0.365134
0.3450537 0.5515941
0.09015655 0.4270142
0.06065077 0.495861
0.03483321 0.5274158
0.03934104 0.4487337
0.02171953 0.5089747
0.09835259 0.4491435
0.06556839 0.3839849
0.04548807 0.4384886
0.03032538 0.4216867
0.05983116 0.4798787
0.07458405 0.427424
0.02499795 0.4171789
