0.1803131 0.1782641
0.1782641 0.1782641
0.1782641 0.1782641
0.1528563 0.1782641
0.1532661 0.1782641
0.1737562 0.1782641
0.1819523 0.1782641
0.1840013 0.1782641
0.1696582 0.1782641
0.1524465 0.1782641
0.07622326 0.1782641
0.09589378 0.1782641
0.08974674 0.1782641
0.08196049 0.1782641
0.07950168 0.1782641
0.12458 0.1782641
0.128678 0.1782641
0.1012212 0.1782641
0.02786657 0.1782641
0.02663716 0.1782641
0.033194 0.1782641
0.06024097 0.1782641
0.02335874 0.1782641
0.07868207 0.1782641
0.4725023 0.1782641
0.4753709 0.1782641
0.4860257 0.1782641
0.4860257 0.1782641
0.527006 0.1782641
0.3831653 0.1782641
0.2569461 0.1782641
0.306942 0.1782641
0.2893206 0.1782641
0.2659618 0.1782641
0.2544873 0.1782641
0.263503 0.1782641
0.2823539 0.1782641
0.2823539 0.1782641
0.2823539 0.1782641
0.2823539 0.1782641
0.2823539 0.1782641
0.2712892 0.1782641
0.2712892 0.1782641
0.2712892 0.1782641
0.2245718 0.1782641
0.2102287 0.1782641
0.1786739 0.1782641
0.1585936 0.1782641
0.3065322 0.1782641
0.1921974 0.1782641
0.01065486 0.1782641
0.3782477 0.1782641
0.9802475 0.1782641
0.7060897 0.1782641
0.5917547 0.1782641
0.2077699 0.1782641
0.09220555 0.1782641
0.1594132 0.1782641
0.1458897 0.1782641
0.1487583 0.1782641
0.205311 0.1782641
0.2872715 0.1782641
0.3622654 0.1782641
0.3462831 0.1782641
0.3577576 0.1782641
0.3819359 0.1782641
0.4798787 0.1782641
0.4458651 0.1782641
0.6028194 0.1782641
0.5122531 0.1782641
0.1655602 0.1782641
0.05901156 0.1782641
0.05901156 0.1782641
0.1143349 0.1782641
0.2766167 0.1782641
0.4016064 0.1782641
0.4536513 0.1782641
0.3708712 0.1782641
0.1860503 0.1782641
0.1008114 0.1782641
0.2499795 0.1782641
0.2499795 0.1782641
0.5224982 0.1782641
0.3966888 0.1782641
0.3966888 0.1782641
0.2528481 0.1782641
0.4884845 0.1782641
0.6372429 0.1782641
0.5265962 0.1782641
0.267601 0.1782641
0.8265716 0.1782641
0.1561347 0.1782641
0.3897221 0.1782641
0.8634538 0.1782641
1.126137 0.1782641
1.126957 0.1782641
1.046226 0.1782641
1.166708 0.1782641
1.166708 0.1782641
0.3745595 0.1782641
0.6573232 0.1782641
0.5798705 0.1782641
0.4052947 0.1782641
0.2651422 0.1782641
0.62249 0.1782641
0.8777969 0.1782641
1.129825 0.1782641
1.24457 0.1782641
1.263831 0.1782641
1.204409 0.1782641
1.108516 0.1782641
0.9806573 0.1782641
0.195066 0.1782641
0.0495861 0.1782641
0.2520285 0.1782641
0.433571 0.1782641
0.6192116 0.1782641
0.4516023 0.1782641
0.159823 0.1782641
0.2454717 0.1782641
0.398328 0.1782641
0.3348086 0.1782641
0.2647324 0.1782641
0.2143267 0.1782641
0.2569461 0.1782641
0.2569461 0.1782641
0.2155561 0.1782641
0.240554 0.1782641
0.2233423 0.1782641
0.240554 0.1782641
0.1135153 0.1782641
0.05491353 0.1782641
0.08933694 0.1782641
0.2008032 0.1782641
0.1999836 0.1782641
0.1942464 0.1782641
0.2786657 0.1782641
0.325793 0.1782641
0.3425949 0.1782641
0.3401361 0.1782641
0.3184165 0.1782641
0.3430047 0.1782641
0.3409556 0.1782641
0.3368576 0.1782641
